3669818
3669852
3669835
3669569
3667187
3668564
3667789
3665020
3667255
3661360
3666046
3665666
3665260
3664101
3654777
3663558
3663557
3665577
3662349
3659708
3701472
3702336
3702004
3701880
3701415
3695400
3701847
3701842
3701553
3701129
3701122
3700808
3699912
3700075
3699858
3699777
3699275
3698737
3697307
3697810
3720708
3721099
3720804
3720679
3715901
3710242
3720218
3720167
3720029
3718549
3716584
3715235
3718133
3718006
3716734
3715725
3715393
3713353
3713276
3716742
4232418
4232425
4231117
4230808
4230424
4230313
4227912
4227583
4224740
4225630
4223944
4224458
4206976
4187011
4166310
4232434
4232444
4232486
4232506
4230432
4231531
4232564
4232576
4232586
4232604
4232635
4232644
4232651
4224924
4232706
4232717
4228409
4232777
4220513
4230082
4212267
4205396
4232861
4232866
4163069
4231758
4231275
4232978
4233001
4233003
4233074
4233128
4233240
4225546
4233331
4233344
4233368
4233394
4229068
4233443
4233472
4233488
4233528
4233563
4233564
4233573
4226082
4233619
4233633
4233647
4233679
4233704
4233705
4204764
4233714
4233721
4233670
4233787
4233786
4233808
4233820
4222064
4214429
4206240
4229405
4233842
4220364
4233925
4233927
4233929
4233953
4227244
4233984
4194462
4234015
4229962
4234116
4234145
4228690
4234207
4234210
4226229
4228653
4234327
4234386
4234406
4233702
4234508
4226016
4234573
4234611
4234734
4234763
4234766
4226711
4234832
4234869
4234885
4234893
4234898
4234916
4234918
4234921
4234940
4178367
4235005
4235109
4235124
4235152
4235170
4225904
4235221
4235230
4235240
4226240
4235380
4235382
4235398
4235544
4235649
4235686
4235707
4235751
4235785
4235831
4235857
4235874
4235922
4231969
4236023
4236265
4229663
4223018
4089303
4236513
4236522
4236586
4236587
4207908
4169878
4236646
4236641
4236690
4236691
4236692
4226804
4223889
4236835
4114111
4236998
4225259
4237124
4213506
4237265
4236086
4237523
4228472
4237576
4237587
4237626
4237621
4237688
4180075
